0.011202
0.024460
0.013835
0.072500
0.004479
0.019142
0.035321
0.013806
0.029426
0.019236
0.069377
0.089212
0.021779
0.054252
0.054205
0.017324
0.046347
0.113266
0.020794
0.067326
0.022019
0.050039
0.036882
0.064351
0.055683
0.061495
0.070507
0.065242
0.089094
0.119207
0.070491
0.026579
0.013868
0.029389
0.030907
0.029243
0.028948
0.033068
0.003539
0.066191
0.067860
0.007266
0.033778
0.085559
0.048591
0.033766
0.000000
0.047072
0.012369
0.041377
0.045565
0.019386
0.073327
0.026461
0.008020
0.080674
0.023274
0.026140
0.084914
0.060603
0.057519
0.005615
0.029645
0.082826
0.056011
0.027666
0.029680
0.029338
0.026438
0.032116
0.022357
0.021174
0.020586
0.024861
0.103877
0.942974
0.991942
0.950271
0.945449
0.942447
0.973319
0.955713
0.982197
0.993927
0.971906
0.989990
0.976438
0.942843
0.972340
0.967636
0.976834
0.976301
0.998003
0.915356
0.961965
0.960592
0.981970
0.995362
0.996475
0.985004
1.000000
0.968056
0.994434
0.956091
0.958291
0.965304
0.946118
0.943604
0.978217
0.999122
0.896612
0.986720
0.941592
0.976137
0.968706
0.902995
0.956984
0.944192
0.953503
0.976696
0.936716
0.900852
0.949505
0.978777
0.989547
0.940294
0.934156
0.999674
0.980263
0.994409
0.990517
0.962480
0.930314
0.905092
0.968803
0.999867
0.970807
0.994769
0.923243
0.955875
0.962376
0.508408
0.985615
0.990825
0.970759
0.990320
0.966366
0.968219
0.398543
0.409220
0.402695
0.430634
0.431801
0.433134
0.429717
0.427060
0.408465
0.422114
0.423520
0.433711
0.454726
0.392275
0.445388
0.451956
0.428095
0.421464
0.429206
0.431850
0.415391
0.434403
0.431462
0.400555
0.432604
0.469990
0.430182
0.445019
0.394785
0.429342
0.444969
0.429310
0.421330
0.399068
0.399454
0.399255
0.430427
0.427818
0.428819
0.395406
0.381238
0.438083
0.420491
0.419880
0.429825
0.433409
0.431026
0.414805
0.429168
0.420032
0.430093
0.466723
0.422822
0.440540
0.444967
0.434611
0.412568
0.428578
0.445989
0.450043
0.407209
0.436399
0.410138
0.246908
0.388020
0.370471
0.370391
0.379659
0.397816
0.309721
0.386080
0.330739
0.228751
0.383031
0.388448
0.308614
0.226345
0.324722
0.380137
0.373350
0.365521
0.381507
0.261428
0.372502
0.385279
0.380934
0.385510
0.380660
0.392143
0.237628
0.377243
0.547291
0.372396
0.249090
0.382823
0.376497
0.343353
0.376918
0.385410
0.259769
0.387482
0.381324
0.391978
0.383248
0.373467
0.396044
0.378008
0.376753
0.517514
0.393177
0.350742
0.391239
0.387652
0.344543
0.383356
0.391446
0.386751
0.304001
0.382396
0.377525
0.361781
0.386605
0.346798
0.385837
0.378011
0.375318
0.379883
0.093821
0.352481
0.665587
0.667144
0.659225
0.661567
0.667047
0.664377
0.651323
0.661486
0.664107
0.664109
0.662768
0.668861
0.658416
0.662284
0.658548
0.654614
0.664501
0.665969
0.657981
0.656635
0.665475
0.625473
0.662448
0.656256
0.660548
0.657440
0.616289
0.665850
0.651933
0.654461
0.525474
0.622263
0.665777
0.662009
0.651745
0.668500
0.661930
0.668273
0.667544
0.668730
0.492593
0.664546
0.656051
0.662567
0.658371
0.656608
0.668731
0.667831
0.655415
0.661331
0.661650
0.651461
0.662394
0.656223
0.656176
0.657225
0.668062
0.657720
0.655448
0.664959
0.667562
0.654324
0.665747
0.616949
0.654602
0.658363
0.653405
0.663146
0.663844
0.641256
0.653152
0.665541
0.647923
0.649830
0.662149
0.635245
0.614760
0.661869
0.639610
0.642146
0.626403
0.665319
0.665090
0.609456
0.635597
0.649301
0.649368
0.661930
0.656415
0.664160
0.621544
0.648382
0.657587
0.665027
0.624925
0.642537
0.644269
0.662499
0.627488
0.633668
0.647868
0.630196
0.652145
0.636491
0.633203
0.638432
0.868087
0.660865
0.616561
0.625173
0.640041
0.768697
0.652531
0.640423
0.650653
0.662175
0.622290
0.652891
0.650639
0.635686
0.646930
0.653028
0.664848
0.643886
0.667637
0.654686
0.657279
0.657227
0.665789
0.660925
0.659681
0.667374
0.657739
0.658718
0.663696
0.660951
0.657901
0.573157
0.658244
0.666893
0.658552
0.665808
0.644269
0.660693
0.662379
0.663277
0.667573
0.639801
0.666810
0.661313
0.639399
0.663820
0.631346
0.662326
0.660170
0.660648
0.665842
0.656461
0.650522
0.647195
0.660215
0.652960
0.657637
0.640902
0.640514
0.660936
0.660057
0.662287
0.660242
0.592636
0.664762
0.643396
0.660105
0.629217
0.654236
0.668105
0.668508
0.647320
0.660275
0.663800
0.660578
0.667229
