0
12
24
168
216
231
249
252
264
309
315
318
321
333
348
360
504
516
519
528
549
639
651
708
711
720
732
741
750
753
765
777
780
792
807
816
819
825
831
843
891
903
915
921
948
1014
1044
1071
1074
1092
1095
1107
1119
1125
1143
1146
1158
1170
1185
1197
1254
1278
1290
1293
1524
1545
1551
1608
1623
1635
1641
1653
1665
1674
1686
1689
1692
1704
1716
1746
1752
1764
1770
1782
1794
1848
1860
1872
1884
1893
1905
1995
2001
2052
2064
2199
2211
2268
2280
2349
2370
2382
2394
2493
2505
2532
2544
2586
2598
2610
2868
3006
3234
3246
3258
3267
3273
3279
3282
3300
3312
3330
3339
3351
3360
3372
3471
3483
3495
3507
3519
3654
3672
3744
3780
3786
3900
3912
3924
3930
3981
4116
4125
4137
4149
4152
4221
4233
4245
4281
4302
4314
4350
4413
4416
4449
4482
4488
4524
4536
4551
4563
4566
4581
4596
4605
4683
4818
4839
4863
4872
4896
4914
4923
4926
4941
4953
4965
5022
5025
5037
5040
5052
5076
5214
5262
5274
5319
5325
5331
5358
5364
5376
5391
5403
5442
5454
5463
5475
5487
5493
5496
5499
5508
5547
5604
5631
5667
5670
5673
5691
5703
5706
5712
5724
5760
8727
8748
8769
8781
8793
8811
8814
8844
8901
8907
8916
9027
9087
9099
9117
9129
9132
9141
9276
9315
9348
9360
9372
9381
9432
9507
9510
9522
9540
9654
9666
9669
9681
9693
9729
9744
9756
9837
9921
9924
9948
10128
10131
10185
10194
10206
10215
10260
10269
10281
10296
10335
10347
10359
10494
10551
10563
10617
10629
10641
10653
10665
10677
10722
10734
10746
10833
10836
10860
10863
10875
10890
10899
10956
11088
11094
11106
11286
11298
11529
11586
11598
11616
11628
11634
11637
11700
11706
11718
11730
11736
11748
11763
11859
11868
11880
11889
11916
11925
11937
11946
11958
12000
12084
12096
12108
12117
12174
12192
12204
12246
12258
12276
12288
12291
12297
12312
12315
12321
12333
12345
12357
12414
12420
12432
12444
12447
12453
12471
12483
12540
12552
12564
12576
12591
12660
12666
12696
12708
12723
12735
12759
12771
12810
12903
12918
12975
12987
12990
13002
13146
13149
13203
13206
13212
13224
13230
13239
13242
13254
13311
13326
13338
13341
13353
13362
13389
13461
13488
13497
13509
13515
13527
13530
13533
13539
13548
13680
13827
13863
13875
13950
13965
13983
14019
14031
14043
14055
14061
14067
14091
14109
14184
14208
14223
14226
14232
14286
14298
14301
14313
14358
14370
14373
14385
14415
14421
14424
14430
14505
14517
14592
14598
14601
14664
14685
14697
14709
14712
14724
14748
14772
14784
14796
14808
14988
15000
15012
15021
15024
15027
15039
15051
15057
15075
15087
15099
15111
15162
15297
15375
15387
15414
15420
15432
15435
15438
15441
15444
15456
15468
15486
15507
15519
15522
15576
15633
15645
15657
15660
15663
15678
15690
15693
15696
15876
15879
15885
15888
15906
15918
15942
15954
15966
15969
16002
16005
16062
16077
16080
16083
16095
16098
16110
16113
16119
16125
16137
16143
16149
16161
16173
16176
16197
16377
16389
16392
16449
16458
16479
16488
16506
16518
16530
16542
16551
16563
16575
16587
16731
16758
16761
16989
17055
17067
17076
17079
17082
17103
17109
17121
17136
17169
17181
17190
17235
17271
17274
17286
17298
17310
17454
17466
17478
17490
17529
17532
17544
17619
17631
17643
17775
17787
17793
17814
17826
17847
17859
17886
17898
17901
17904
17916
17919
17931
17958
17970
18027
18039
18051
18054
18057
18069
18072
18093
18204
18225
18237
18261
18270
18285
18297
18309
18321
18333
18369
18381
18399
18438
18444
18456
18480
18492
18504
18516
18570
18582
18639
18651
18663
18675
18699
18705
18753
18768
18780
18795
18807
18819
18846
18900
18918
18960
19104
19116
19128
19140
19152
19164
19176
19185
19272
19284
19296
19302
19314
19320
19323
19335
19374
19386
19404
19428
19431
19446
19470
19476
19482
19536
19680
19683
19692
19755
19767
19779
19923
19935
19947
19971
19971
20031
20094
20106
20238
20256
20268
20277
20289
20292
20307
20319
20331
20334
20376
20382
20394
20400
20412
20415
20433
20442
20445
20457
20505
20517
20526
20556
20568
20571
20577
20589
20592
20631
20652
20655
20667
20676
20685
20700
20724
20742
20814
20823
20850
20856
20868
20880
20889
20916
20925
20940
20952
20964
20976
20991
20994
21006
21018
21033
21069
21081
21114
21168
21180
21186
21198
21210
21219
21231
21330
21342
21348
21360
21372
21378
21387
21390
21402
21405
21408
21411
21423
21432
21444
21456
21468
21480
21537
21543
21555
21561
21600
21609
21612
21621
21624
21759
21765
21789
21801
21807
21810
21822
21900
21936
21948
21972
22161
22248
22260
22272
22284
22365
22395
22407
22470
22494
22497
22566
22587
22590
22617
22629
22641
22698
22710
22722
22743
22884
22923
22932
22944
22956
22968
22980
23058
23067
23082
23094
23106
23118
23130
23142
23154
23166
23253
23262
23265
23277
23283
23295
23307
23319
23322
23328
23349
23358
23370
23400
23409
23589
23601
23613
23625
23646
23658
23664
23682
23691
23703
23715
23724
23727
23733
23736
23748
23802
23814
23871
23886
23898
23910
23913
23919
23922
23934
23970
23979
24057
24060
24072
24081
24093
24135
24144
24150
24234
24246
24261
24264
24273
24282
24297
24360
24372
24384
24387
24411
24477
24510
24516
24528
24585
24597
24600
24612
24624
24627
24651
24657
24723
24747
24792
24804
24816
24831
24843
24846
24858
24870
24882
25017
25023
25026
25257
25269
25272
25284
25344
25356
25368
25371
25374
25380
25383
25389
25395
25407
25410
25416
25428
25440
25449
25461
25473
25485
25497
25539
25542
25557
25569
25608
25617
25629
25662
25737
25746
25749
25752
25764
25776
25785
25791
25803
25815
25851
25857
25860
28827
28833
28848
28860
28863
28869
28881
28920
28998
29028
29037
29064
29076
29088
29100
29103
29118
29136
29316
29319
29394
29454
29466
29478
29481
29559
29571
29583
29616
29628
29643
29649
29655
29667
29679
29691
29703
29715
29727
29739
29751
29763
29766
29778
29790
29793
29805
29823
29841
29853
29856
29871
29883
29889
29901
29916
29922
29925
29937
29955
29970
29982
29994
30051
30054
30066
30078
30090
30099
30102
30114
30147
30165
30177
30261
30273
30282
30318
30324
30336
30348
30360
30384
30396
30408
30423
30435
30504
30510
30561
30564
30576
30582
30585
30597
30642
30648
30675
30807
30828
30843
30846
30858
30915
30930
31077
31089
31224
31236
31248
31257
31275
31287
31299
31311
31377
31389
31392
31395
31407
31467
31479
31485
31497
31509
31521
31560
31563
31569
31626
31644
31650
31653
31704
31710
31725
31737
31785
31797
31809
31812
31932
31938
31995
32052
32103
32115
32124
32178
32187
32235
32238
32250
32253
32322
32376
32388
32463
32466
32478
32490
32514
32517
32538
32544
32550
32562
32574
32586
32637
32640
32652
32655
32667
32679
32697
32709
32766
32778
32781
32811
32841
32985
32991
33000
33003
33015
33027
33186
33189
33207
33210
33252
33330
33345
33357
33420
33423
33480
33492
33504
33507
33510
33513
33516
33519
33531
33543
33546
33558
33570
33582
33591
33600
33603
33624
33636
33654
33666
33678
33705
33840
33843
33855
34152
34167
34170
34188
34395
34407
34560
34590
34602
34668
34686
34698
34731
34743
34770
34773
34785
34797
34833
34845
34857
34884
34890
34902
34914
34923
34932
34935
34947
34965
34977
34980
34992
35004
35022
35034
35061
35067
35076
35079
35085
35106
35118
35130
35142
35148
35160
35367
35370
35403
35460
35640
35652
35658
35673
35697
35937
35949
35952
35994
36006
36018
36030
36096
36108
36120
36123
36132
36135
36147
36156
36168
36258
36261
36297
36309
36321
36408
36420
36438
36450
36462
36519
36528
36585
36642
36654
36657
36675
36681
36696
36714
36720
36726
36762
36816
36828
36855
36864
36876
36963
36981
36990
36993
37005
37038
37050
37053
37062
37206
37212
37224
37233
37245
37248
37266
37290
37302
37305
37317
37326
37359
37365
37374
37380
37389
37398
37449
37452
37455
37515
37527
37584
37602
37614
37632
37635
37677
37728
37740
37752
37755
37770
37782
37794
37836
37839
37851
37893
37905
37929
37932
37938
38007
38031
38100
38112
38121
38133
38145
38178
38214
38223
38322
38325
38337
38340
38352
38364
38367
38370
38382
38388
38397
38409
38430
38433
38442
38454
38457
38460
38466
38478
38484
38565
38568
38574
38598
38616
38628
38643
38646
38703
38706
38760
38784
38787
38799
38817
38829
38847
38856
38874
38880
38892
38904
38922
38931
38949
38952
38961
39024
39036
39042
39066
39081
39093
39105
39117
39129
39174
39186
39198
39207
39231
39234
39240
39243
39261
39273
39285
39312
39315
39318
39327
39330
39342
39357
39369
39384
39405
39417
39426
39429
39573
39711
39714
39717
39741
39780
39783
39810
39819
39831
39843
39855
39876
39888
39891
39900
39906
39933
39945
39957
39969
40044
40056
40062
40074
40092
40104
40143
40200
40380
40392
40404
40410
40434
40446
40458
40470
40482
40626
40638
40650
40659
40671
40683
40692
40704
40716
40731
40734
40746
40758
40764
40776
40911
40926
40938
40950
40953
40965
40992
41004
41007
41013
41016
41022
41031
41043
41055
41061
41079
41091
41103
41124
41127
41136
41148
41187
41199
41211
41226
41265
41277
41289
41301
41304
41319
41322
41517
41538
41550
41562
41577
41589
41598
41610
41688
41721
41733
41763
41787
41799
41802
41868
41880
41892
41895
41907
41919
41931
42018
42030
42042
42054
42072
42171
42183
42195
42207
42219
42231
42234
42246
42426
42438
42468
42471
42483
42492
42504
42516
42525
42579
42714
42726
42774
42783
42786
42822
42834
42846
42858
42867
42882
42930
42996
43035
43170
43305
43317
43320
43341
43344
43356
43368
43371
43386
43395
43530
43674
43686
43743
43824
43857
43860
43863
43875
43887
43899
43911
43923
44034
44214
44352
44358
44361
44367
44385
44418
44439
44451
44463
44466
44478
44490
44517
44538
44550
44562
44616
44628
44640
44652
44664
44676
44691
44703
44709
44721
44727
44730
44742
44751
44781
44793
44808
44820
44901
44913
44925
44943
44991
44997
45015
45027
45072
45090
45102
45105
45123
45135
45138
45141
45153
45165
45174
45273
45285
45288
45291
45303
45321
45333
45369
45381
45390
45402
45429
45432
45612
45624
45636
45672
45678
45681
45693
45705
45714
45726
45738
45756
45762
45765
45774
45804
45807
45813
45882
45894
45900
45912
45921
45936
45948
45951
46005
46011
46023
46035
46047
46305
46308
46317
46335
46341
46347
46482
46494
46527
46533
46545
46572
46584
46611
46623
46719
46863
46893
46905
46962
46986
46989
47001
47076
47091
47214
47220
47235
47247
47274
47277
47289
47307
47319
47331
47364
47367
47379
47385
47391
47403
47415
47454
47466
47478
47490
47502
47514
47649
47664
47739
47850
47862
47874
48009
48105
48216
48228
48285
48297
48309
48324
48345
48534
48600
48615
48627
48639
48651
48879
48891
48966
48978
48990
49002
49050
49062
49080
49092
49149
49161
49173
49209
49221
49230
49287
49431
49485
49542
49545
49563
49629
49641
49653
49659
49665
49683
49716
49770
49806
49833
49845
49851
49863
49944
49959
49971
49986
49998
50010
50022
50037
50049
50061
50097
50109
50121
50133
50145
50154
50178
50190
50202
50214
50220
50232
50241
50244
50277
50286
50298
50310
50313
50325
50334
50346
50352
50364
50367
50616
50622
50625
50631
50643
50655
50670
50676
50808
50811
50823
50835
50847
50859
50907
50919
50934
51060
51153
51168
51180
51195
51201
51204
51228
51309
51321
51330
51342
51348
51360
51372
51384
51423
51441
51498
51513
51591
51636
51648
51660
51666
51678
51684
51738
51777
51804
51816
51822
51828
51831
51837
51840
51843
51906
51918
51924
51936
51948
51960
51972
51984
51987
51993
51996
51999
52008
52020
52029
52041
52071
52074
52110
52116
52122
52131
52137
52158
52173
52197
52254
52266
52278
52290
52302
52551
52563
52569
52581
52584
52599
52605
52662
52680
52692
52704
52989
53001
53007
53016
53031
53040
53100
53112
53118
53130
53142
53154
53166
53193
53277
53289
53301
53313
53325
53331
53340
53343
53355
53367
53379
53397
53409
53421
53445
53586
53598
53610
53622
53655
53667
53679
53691
53700
53712
53733
53754
53757
53769
53781
53793
53805
53880
53883
53895
53907
53919
53940
53943
53955
53973
53985
53997
54009
54018
54027
54045
54180
54183
54201
54213
54282
54294
54336
54348
54354
54366
54369
54381
54396
54402
54414
54417
54474
54480
54486
54498
54516
54525
54657
54669
54786
54789
54807
54819
54825
54837
54867
54879
54897
55041
55062
55140
55149
55188
55239
55314
55326
55383
55401
55413
55425
55428
55440
55452
55455
55470
55482
55485
55497
55500
55542
55554
55566
55587
55590
55602
55611
55617
55629
55647
55653
55665
55677
55686
55773
55785
55797
55815
55827
55839
55923
55935
56001
56013
56016
56019
56025
56031
56070
56073
56076
56151
56154
56163
56175
56220
56235
56238
56271
56274
56286
56289
56295
56382
56397
56409
56415
56436
56448
56454
56466
56478
56502
56511
56520
56532
56538
56550
56562
56574
56580
56583
56589
56646
56661
56673
56685
56697
56709
56757
56763
56766
56769
56790
56799
56802
56814
56826
56838
56844
56853
56865
56892
56901
59871
59883
59904
59910
59928
59940
59952
59982
59994
60006
60018
60030
60033
60036
60048
60105
60108
60126
60129
60141
60153
60159
60171
60183
60186
60189
60333
60336
60339
60366
60378
60390
60447
60459
60462
60465
60477
60483
60495
60507
60513
60660
60663
60675
60732
60744
60798
60810
60828
60831
60840
60852
60861
60885
60888
60975
60996
61050
61065
61083
61263
61443
61455
61470
61482
61623
61635
61638
61662
61713
61725
61734
61737
61749
61773
61800
61803
61812
61824
61836
61848
61860
61872
61875
61881
61917
61938
61962
61974
61977
62037
62049
62052
62133
62145
62148
62205
62256
62268
62382
62481
62592
62691
62835
63084
63090
63204
63213
63225
63228
63264
63288
63297
63309
63321
63348
63351
63357
63372
63375
63390
63402
63414
63420
63432
63444
63453
63468
63480
63492
63504
63561
63588
63609
63618
63627
63639
63651
63663
63675
63681
63693
63702
63705
63717
63735
63747
63759
63771
63783
63792
63849
63867
63873
63876
63888
63891
63903
64038
64050
64065
64113
64155
64167
64179
64191
64239
64251
64263
64275
64299
64308
64320
64332
64335
64341
64344
64350
64362
64365
64404
64440
64443
64446
64482
64533
64539
64557
64578
64590
64602
64614
64626
64638
64674
64683
64689
64698
64740
64752
64809
64821
64827
64845
64923
64935
64947
64968
64980
65037
65049
65061
65073
65205
65208
65220
65238
65382
65478
65517
65523
65532
65544
65580
65592
65604
65607
65619
65631
65649
65688
65766
65778
65796
65805
65814
65820
65832
65844
65991
66003
66021
66036
66060
66171
66198
66285
66396
66408
66420
66426
66441
66444
66456
66495
66498
66510
66534
66540
66546
66549
66552
66564
66576
66588
66600
66612
66615
66624
66636
66642
66654
66657
66660
66669
66717
66723
66735
66747
66759
66771
66789
66825
66837
66891
66903
66915
66942
66954
66966
66993
67068
67116
67167
67176
67269
67281
67461
67473
67548
67551
67566
67644
67647
67680
67734
67737
67749
67755
67767
67773
67785
67797
67809
67821
67830
67842
67878
67911
67914
67935
67938
67941
67971
67977
67989
68001
68100
68112
68142
68157
68163
68175
68187
68199
68211
68229
68241
68253
68262
68265
68286
68340
68391
68403
68460
68463
68466
68478
68490
68496
68517
68529
68553
68556
68568
68580
68592
68601
68613
68625
68676
68730
68742
71712
71724
71742
71763
71775
71787
71799
71814
71889
71901
71913
71925
71937
71943
71949
71961
71997
72015
72039
72051
72066
72078
72087
72129
72138
72150
72330
72333
72408
72411
72423
72429
72489
72501
72525
72537
72546
72558
72573
72585
72588
72624
72627
72639
72651
72663
72669
72675
72678
72681
72693
72705
72711
72723
72837
72849
72873
72885
72897
72951
72963
72969
72972
72984
72987
73023
73035
73146
73155
73224
73236
73257
73299
73305
73317
73329
73344
73359
73362
73374
73377
73386
73398
73401
73404
73416
73428
73503
73509
73527
73551
73557
73692
73704
73707
73722
73725
73734
73746
73758
73893
73929
73932
73935
74010
74064
74070
74082
74094
74106
74115
74118
74193
74205
74217
74229
74238
74373
74397
74409
74421
74433
74442
74454
74466
74496
74514
74598
74604
74610
74622
78354
78357
78393
78399
78411
78447
78456
78462
78468
78471
78483
78495
78510
78522
78525
78537
78552
78564
78576
78606
78663
78675
78690
78702
78708
78714
78726
78738
78747
78753
78756
78768
78783
78819
78822
78831
78843
78852
78864
78876
78930
78936
78948
78981
78990
79008
79014
79032
79167
79188
79200
79248
79260
79272
79290
79293
79308
79320
79338
79350
79356
79365
79383
79395
79428
79452
79488
79500
79503
79512
79539
79542
79548
79560
79566
79614
79626
79629
79641
79653
79662
79677
79692
79731
79734
79746
79800
79815
79818
79830
79842
79863
79869
80004
80016
80028
80058
80124
80154
80160
80172
80175
80229
80235
80301
80307
80319
80328
80340
80352
80373
80376
80388
80391
80415
80469
80556
80565
80571
80583
80589
80595
80607
80613
80625
80643
80649
80658
80670
80781
80790
80796
80985
80994
81000
81003
81015
81021
81033
81051
81054
81138
81141
81153
81189
81213
81225
81237
81240
81249
81255
81267
81279
81306
81360
81375
81387
81399
81402
81414
81426
81438
81450
81462
81465
81477
81522
81540
81570
81579
81603
81615
81627
81639
81648
81651
81663
81666
81678
81690
81702
81711
81717
81723
81774
81789
81801
81813
81831
81834
81840
81852
81864
81900
81909
81912
81915
81966
81969
81984
81987
82005
82011
82026
82038
82089
82101
82113
82125
82152
82170
82182
82197
82203
82224
82233
82239
82383
82386
82398
82416
82422
82434
82470
82473
82476
82479
82557
82611
82623
82656
82668
82671
82689
82746
82926
82932
82941
82944
82947
82956
82959
82971
83106
83118
83130
83133
83196
83199
83205
83235
83247
83259
83274
83289
83424
83460
83478
83490
83502
83514
83523
83535
83547
83553
83565
83577
83589
83592
83616
83646
83661
83724
83733
83745
83748
83754
83814
83829
83886
83898
83910
83967
83979
83982
83994
84000
84012
84015
84027
84120
84129
84132
84144
84156
84165
84177
84189
84201
84213
84228
84276
84288
84300
84432
84438
84450
84465
84492
84549
84561
84648
84660
84666
84678
88410
88431
88443
88470
88482
88494
88506
88509
88521
88554
88557
88569
88659
88677
88695
88698
88713
88725
88731
88737
88749
88884
88932
89043
89055
89067
89082
89085
89151
89208
89232
89235
89247
89319
89322
89334
89346
89367
89376
89388
89400
89424
89436
89469
89487
89499
89505
89517
89529
89532
89607
89619
89646
89658
89709
89721
89811
89823
89877
89883
89898
89928
89940
89946
89949
89961
90096
90231
90243
90255
90267
90285
90399
90411
90438
90441
90453
90480
90498
90498
90504
90630
90642
90654
90657
90660
90672
90684
90693
90705
90765
90783
90795
90801
90825
90828
90840
90843
90852
90864
90873
90885
90951
90969
90981
91020
91032
91038
91050
91194
91206
91350
91362
91374
91401
91425
91431
91455
91476
91617
91644
91671
91683
91695
91704
91815
91830
91965
91977
91998
92004
92010
92085
92316
92334
92361
92379
92391
92424
92442
92448
92460
92472
